324.098
460.537
483.486
483.486
483.486
483.486
483.486
483.486
483.486
483.486
483.486
483.486
483.486
483.486
483.486
483.486
109.743
155.642
155.717
155.717
155.717
155.717
155.717
155.717
155.717
155.717
155.717
155.717
155.717
155.717
155.717
155.717
-0.150206
-0.0745535
0
0
0
0
-0
0
-0
0
-0
0
-0
0
-0
0
-0.150206
-0.0745535
0
0
0
0
-0
0
-0
0
-0
0
-0
0
-0
0
-0.150206
-0.0745535
0
0
0
0
-0
0
-0
0
-0
0
-0
0
-0
0
-0.150206
-0.0745535
0
0
0
0
-0
0
-0
0
-0
0
-0
0
-0
0
-0.150206
-0.0745535
0
0
0
0
-0
0
-0
0
-0
0
-0
0
-0
0
-0.150206
-0.0745535
0
0
0
0
-0
0
-0
0
-0
0
-0
0
-0
0
-0.150206
-0.0745535
2.31857e-20
0
0
0
0
-0
0
0
0
0
0
0
0
0
-0.150206
-0.0745535
0
0
0
0
-0
0
-0
0
0
0
0
0
0
-0
-0.150206
-0.0745535
0
0
0
-0
0
-0
0
-0
0
-0
0
-0
0
-0
-0.150206
-0.0745535
0
0
0
0
-0
0
-0
0
-0
0
-0
0
-0
0
-0.150206
-0.0745535
0
0
0
-0
0
-0
0
-0
0
-0
0
-0
0
-0
-0.150206
-0.0745535
0
0
0
0
-0
0
-0
0
-0
0
-0
0
-0
0
-0.150206
-0.0745535
0
0
0
-0
0
-0
0
-0
0
-0
0
-0
0
-0
-0.150206
-0.0745535
0
-0
0
-0
0
-0
0
-0
0
-0
0
-0
0
-0
-0.150206
-0.0745535
-6.01853e-36
5.79563e-70
-5.40722e-88
-4.84074e-122
9.32293e-156
-1.73962e-173
0
-0
0
-0
0
-0
0
-0
-0.150206
-0.0745535
6.95571e-20
0
0
0
0
0
0
0
0
0
0
0
0
0
-0.150206
-0.0745535
6.95571e-20
5.22024e-54
5.02691e-88
-4.84074e-122
1.50544e-140
5.05397e-175
2.4334e-209
2.34328e-243
2.25649e-277
2.17292e-311
0
0
0
0
-0.150206
-0.0745535
-3.00927e-36
-7.24454e-71
-1.74406e-105
1.67947e-139
-2.08922e-157
-2.80552e-191
0
-0
0
-0
0
-0
0
-0
-0.150206
-0.0745535
6.95571e-20
0
0
0
0
0
0
0
0
0
0
0
0
0
-0.150206
-0.0745535
6.95571e-20
5.22024e-54
5.02691e-88
-4.84074e-122
1.50544e-140
5.05397e-175
2.4334e-209
2.34328e-243
2.25649e-277
2.17292e-311
0
0
0
0
-0.150206
-0.0745535
0
-0
0
-0
0
-0
0
-0
0
-0
0
-0
0
-0
-0.150206
-0.0745535
0
-0
0
-0
0
-0
0
-0
0
-0
0
-0
0
-0
-0.150206
-0.0745535
6.95571e-20
0
0
0
0
0
0
0
0
0
0
0
0
0
-0.150206
-0.0745535
6.95571e-20
5.22024e-54
5.02691e-88
-4.84074e-122
1.50544e-140
5.05397e-175
2.4334e-209
2.34328e-243
2.25649e-277
2.17292e-311
0
0
0
0
-0.150206
-0.0745535
0
-0
0
-0
0
-0
0
-0
0
-0
0
-0
0
-0
-0.150206
-0.0745535
0
-0
0
-0
0
-0
0
-0
0
-0
0
-0
0
-0
-0.150206
-0.0745535
6.95571e-20
0
0
0
0
0
0
0
0
0
0
0
0
0
-0.150206
-0.0745535
2.31857e-20
-1.30506e-54
1.2176e-72
2.72509e-107
-8.47488e-126
-5.69026e-160
-1.36988e-194
4.26025e-213
1.43022e-247
3.44314e-282
8.28905e-317
0
0
-0
-0.150206
-0.0745535
-2.40741e-35
0
-0
0
-0
0
-0
0
-0
0
-0
0
-0
0
-0.150206
-0.0745535
0
-0
0
-0
0
-0
0
-0
0
-0
0
-0
0
-0
-0.150206
-0.0745535
0
-0
0
-0
0
-0
0
-0
0
-0
0
-0
0
-0
-0.150206
-0.0745535
6.01853e-36
-3.74346e-54
-2.51346e-88
2.42037e-122
-3.7636e-140
0
-0
0
-0
0
-0
0
-0
0
159.238
479.964
616.328
639.203
639.203
639.203
639.203
639.203
639.203
639.203
639.203
639.203
639.203
639.203
639.203
639.203
639.203
616.31
158.812
45.504
-0.224759
-0.224759
-0.224759
-0.224759
-0.224759
-0.224759
-0.224759
-0.224759
-0.224759
-0.224759
-0.224759
-0.224759
-0.224759
-0.224759
-0.224759
-0.224759
-0.224759
-0.224759
-0.224759
-0.224759
-0.224759
-0.224759
-0.224759
-0.224759
-0.224759
-0.224759
-0.224759
-0.224759
-0.224759
-0.224759
-0.224759
-0.224759
-46.0485
