0.000000 1.166690
0.001010 1.166766
0.002021 1.166858
0.003031 1.166946
0.004041 1.167050
0.005052 1.167186
0.006062 1.167348
0.007073 1.167544
0.008083 1.167778
0.009093 1.168033
0.010104 1.168322
0.011114 1.168682
0.012124 1.169067
0.013135 1.169489
0.014145 1.169978
0.015155 1.170501
0.016166 1.171100
0.017176 1.171727
0.018187 1.172407
0.019197 1.173123
0.020207 1.173901
0.021218 1.174719
0.022228 1.175572
0.023238 1.176495
0.024249 1.177442
0.025259 1.178382
0.026269 1.179396
0.027280 1.180481
0.028290 1.181588
0.029301 1.182748
0.030311 1.183945
0.031321 1.185180
0.032332 1.186464
0.033342 1.187766
0.034352 1.189009
0.035363 1.190029
0.036373 1.191202
0.037383 1.192509
0.038394 1.193992
0.039404 1.195613
0.040415 1.197282
0.041425 1.199049
0.042435 1.200731
0.043446 1.202435
0.044456 1.204129
0.045466 1.205807
0.046477 1.207489
0.047487 1.209191
0.048497 1.210862
0.049508 1.212532
0.050518 1.214204
0.051529 1.215884
0.052539 1.217620
0.053549 1.219342
0.054560 1.221032
0.055570 1.222728
0.056580 1.224439
0.057591 1.226107
0.058601 1.227778
0.059611 1.229454
0.060622 1.231128
0.061632 1.232802
0.062643 1.234486
0.063653 1.236165
0.064663 1.237846
0.065674 1.239532
0.066684 1.241207
0.067694 1.242884
0.068705 1.244555
0.069715 1.246222
0.070725 1.247890
0.071736 1.249569
0.072746 1.251247
0.073756 1.252895
0.074767 1.254566
0.075777 1.256230
0.076788 1.257901
0.077798 1.259650
0.078808 1.261330
0.079819 1.262994
0.080829 1.264656
0.081839 1.266342
0.082850 1.268017
0.083860 1.269717
0.084870 1.271425
0.085881 1.273089
0.086891 1.274749
0.087902 1.276407
0.088912 1.278064
0.089922 1.279719
0.090933 1.281378
0.091943 1.283033
0.092953 1.284686
0.093964 1.286342
0.094974 1.287997
0.095984 1.289653
0.096995 1.291318
0.098005 1.292981
0.099016 1.294639
0.100026 1.296297
